-6.779182,0.000000,5.006267,0.000000,7.563934,0.000000,-5.794789,0.000000,